,mean,sd,hdi_3%,hdi_97%,mcse_mean,mcse_sd,ess_bulk,ess_tail,r_hat
log2_primer_effs[0],0.851,0.031,0.792,0.909,0.0,0.0,6863.0,10652.0,1.0
log2_primer_effs[1],1.089,0.021,1.049,1.13,0.0,0.0,5903.0,9513.0,1.0
log2_primer_effs[2],0.833,0.031,0.774,0.89,0.0,0.0,6989.0,11292.0,1.0
log2_primer_effs[3],0.945,0.03,0.886,1.0,0.0,0.0,6949.0,10882.0,1.0
log2_primer_effs[4],1.058,0.02,1.019,1.094,0.0,0.0,5410.0,8406.0,1.0
log2_primer_effs[5],1.064,0.02,1.027,1.102,0.0,0.0,5402.0,8752.0,1.0
log2_primer_effs[6],1.062,0.02,1.024,1.099,0.0,0.0,5437.0,8639.0,1.0
log2_primer_effs[7],1.018,0.021,0.978,1.056,0.0,0.0,5639.0,9016.0,1.0
log2_primer_effs[8],1.097,0.02,1.059,1.136,0.0,0.0,5596.0,9250.0,1.0
log2_primer_effs[9],1.061,0.02,1.022,1.099,0.0,0.0,5493.0,8748.0,1.0
log2_primer_effs[10],1.084,0.02,1.046,1.122,0.0,0.0,5481.0,8819.0,1.0
log2_primer_effs[11],1.095,0.033,1.034,1.158,0.0,0.0,7660.0,12822.0,1.0
dil_rand_effs[0],-0.372,0.131,-0.615,-0.122,0.001,0.001,15180.0,18161.0,1.0
dil_rand_effs[1],0.174,0.154,-0.112,0.468,0.001,0.001,12825.0,15892.0,1.0
dil_rand_effs[2],0.35,0.095,0.172,0.532,0.001,0.001,9507.0,13144.0,1.0
dil_rand_effs[3],0.166,0.096,-0.017,0.344,0.001,0.001,9707.0,13964.0,1.0
dil_rand_effs[4],-0.239,0.137,-0.499,0.016,0.002,0.001,8119.0,11650.0,1.0
dil_rand_effs[5],-0.49,0.232,-0.911,-0.088,0.002,0.001,15234.0,17435.0,1.0
dil_rand_effs[6],0.135,0.155,-0.154,0.429,0.001,0.001,13281.0,17218.0,1.0
dil_rand_effs[7],0.318,0.135,0.059,0.569,0.002,0.001,6170.0,10077.0,1.0
dil_rand_effs[8],0.375,0.129,0.142,0.628,0.002,0.001,5532.0,8979.0,1.0
dil_rand_effs[9],0.425,0.135,0.168,0.679,0.002,0.001,5976.0,10207.0,1.0
dil_rand_effs[10],0.086,0.129,-0.156,0.329,0.002,0.001,5616.0,9502.0,1.0
dil_rand_effs[11],-0.216,0.139,-0.469,0.053,0.002,0.001,8288.0,11728.0,1.0
dil_rand_effs[12],-0.338,0.13,-0.584,-0.1,0.001,0.001,13787.0,15540.0,1.0
dil_rand_effs[13],0.588,0.098,0.403,0.77,0.001,0.001,9525.0,13210.0,1.0
dil_rand_effs[14],-0.504,0.286,-1.113,-0.002,0.002,0.001,21005.0,15456.0,1.0
dil_rand_effs[15],-0.33,0.092,-0.503,-0.157,0.001,0.001,7386.0,11313.0,1.0
dil_rand_effs[16],0.365,0.098,0.175,0.547,0.001,0.001,9827.0,14622.0,1.0
dil_rand_effs[17],-0.286,0.121,-0.519,-0.062,0.001,0.001,13668.0,16543.0,1.0
dil_rand_effs[18],0.137,0.137,-0.12,0.399,0.002,0.001,8062.0,11123.0,1.0
dil_rand_effs[19],-0.261,0.115,-0.475,-0.046,0.001,0.001,11849.0,17011.0,1.0
dil_rand_effs[20],0.133,0.1,-0.055,0.322,0.001,0.001,8108.0,12781.0,1.0
dil_rand_effs[21],-0.232,0.136,-0.483,0.027,0.002,0.001,8053.0,11510.0,1.0
dil_rand_effs[22],0.118,0.126,-0.114,0.36,0.002,0.001,5380.0,8506.0,1.0
dil_rand_effs[23],0.472,0.164,0.161,0.779,0.001,0.001,14714.0,17927.0,1.0
dil_rand_effs[24],0.034,0.153,-0.253,0.318,0.001,0.001,12741.0,16224.0,1.0
dil_rand_effs[25],-0.123,0.104,-0.318,0.072,0.001,0.001,8654.0,13058.0,1.0
dil_rand_effs[26],0.419,0.097,0.232,0.597,0.001,0.001,9660.0,13340.0,1.0
dil_rand_effs[27],-0.431,0.143,-0.699,-0.164,0.002,0.001,8827.0,12155.0,1.0
dil_rand_effs[28],-0.163,0.161,-0.476,0.133,0.001,0.001,14334.0,18213.0,1.0
dil_rand_effs[29],-0.037,0.097,-0.216,0.15,0.001,0.001,7655.0,12230.0,1.0
dil_rand_effs[30],-0.321,0.166,-0.624,-0.014,0.001,0.001,19853.0,19190.0,1.0
dil_rand_effs[31],0.05,0.102,-0.137,0.246,0.001,0.001,8131.0,12821.0,1.0
pulldown_effs[0],2.186,1.458,-0.537,4.905,0.018,0.013,6276.0,10346.0,1.01
pulldown_effs[1],-4.392,1.461,-7.101,-1.645,0.018,0.013,6331.0,10541.0,1.0
pulldown_effs[2],-0.015,1.494,-2.81,2.752,0.018,0.013,6535.0,10752.0,1.0
pulldown_effs[3],1.536,1.459,-1.273,4.182,0.018,0.013,6242.0,10223.0,1.01
pulldown_effs[4],-4.676,1.86,-8.257,-1.306,0.462,0.352,18.0,51.0,1.25
pulldown_effs[5],2.214,1.466,-0.483,4.991,0.019,0.013,5963.0,10308.0,1.01
pulldown_effs[6],-3.04,1.456,-5.764,-0.34,0.018,0.013,6288.0,10467.0,1.01
pulldown_effs[7],1.045,1.457,-1.713,3.714,0.018,0.013,6258.0,10058.0,1.01
pulldown_effs[8],3.152,1.471,0.436,5.922,0.018,0.013,6407.0,10629.0,1.0
pulldown_effs[9],2.783,1.484,0.019,5.565,0.018,0.013,6711.0,11141.0,1.0
pulldown_effs[10],-3.589,1.554,-6.549,-0.701,0.031,0.022,2596.0,6302.0,1.0
pulldown_effs[11],2.535,1.49,-0.276,5.282,0.026,0.023,3498.0,2940.0,1.01
interaction_effs[0],0.075,1.496,-2.712,2.896,0.029,0.026,3092.0,2833.0,1.01
interaction_effs[1],0.007,5.02,-9.605,9.301,0.023,0.035,49395.0,19977.0,1.0
interaction_effs[2],-0.462,1.576,-3.489,2.434,0.032,0.023,2371.0,7497.0,1.01
interaction_effs[3],-0.015,4.994,-9.35,9.524,0.022,0.035,53860.0,20424.0,1.0
interaction_effs[4],-0.009,4.961,-9.334,9.311,0.022,0.034,51946.0,20765.0,1.0
interaction_effs[5],-0.002,5.017,-9.456,9.467,0.022,0.034,50235.0,19432.0,1.0
interaction_effs[6],-0.616,1.449,-3.322,2.136,0.019,0.013,6083.0,11754.0,1.0
interaction_effs[7],0.032,5.035,-9.584,9.464,0.023,0.034,49987.0,20272.0,1.0
interaction_effs[8],-0.147,1.455,-2.823,2.657,0.019,0.014,5656.0,11087.0,1.01
interaction_effs[9],1.573,1.798,-1.66,5.021,0.204,0.145,79.0,922.0,1.05
interaction_effs[10],0.007,4.98,-9.226,9.681,0.022,0.033,50391.0,20730.0,1.0
interaction_effs[11],1.112,1.537,-1.832,3.959,0.03,0.021,2704.0,6636.0,1.0
interaction_effs[12],0.616,1.481,-2.171,3.417,0.018,0.013,6966.0,11940.0,1.0
interaction_effs[13],1.211,1.486,-1.526,4.036,0.025,0.018,3670.0,2689.0,1.0
interaction_effs[14],-0.087,1.924,-3.545,3.66,0.463,0.333,18.0,51.0,1.23
interaction_effs[15],0.424,1.474,-2.37,3.143,0.018,0.013,6836.0,11671.0,1.0
interaction_effs[16],0.002,4.942,-9.255,9.299,0.021,0.033,53361.0,20864.0,1.0
interaction_effs[17],-0.556,1.465,-3.29,2.219,0.018,0.013,6517.0,11452.0,1.0
interaction_effs[18],-0.909,1.458,-3.632,1.828,0.019,0.013,6128.0,11065.0,1.0
interaction_effs[19],-1.157,1.89,-4.43,2.592,0.488,0.352,16.0,48.0,1.27
interaction_effs[20],-0.698,1.504,-3.527,2.122,0.018,0.013,7061.0,11943.0,1.0
interaction_effs[21],0.351,1.49,-2.43,3.158,0.019,0.013,6346.0,11851.0,1.0
interaction_effs[22],0.031,5.067,-9.177,9.942,0.022,0.034,50930.0,20378.0,1.0
interaction_effs[23],0.015,4.965,-9.276,9.335,0.022,0.035,53144.0,20259.0,1.0
interaction_effs[24],0.882,1.618,-2.107,4.015,0.213,0.177,64.0,64.0,1.06
interaction_effs[25],0.008,5.013,-9.388,9.478,0.022,0.034,52200.0,19852.0,1.0
interaction_effs[26],0.242,1.45,-2.434,3.035,0.019,0.013,6002.0,11227.0,1.0
interaction_effs[27],-0.196,1.48,-3.081,2.49,0.018,0.013,6726.0,11288.0,1.0
interaction_effs[28],1.115,1.485,-1.622,3.919,0.018,0.013,6766.0,11816.0,1.0
interaction_effs[29],-1.579,1.456,-4.238,1.212,0.018,0.013,6335.0,11117.0,1.0
interaction_effs[30],-0.434,1.556,-3.369,2.485,0.028,0.02,3107.0,7694.0,1.0
interaction_effs[31],-0.728,1.54,-3.552,2.227,0.029,0.021,2766.0,6764.0,1.0
interaction_effs[32],0.012,4.938,-9.475,9.154,0.022,0.034,52257.0,18739.0,1.0
interaction_effs[33],-0.018,1.447,-2.685,2.769,0.019,0.013,6054.0,11281.0,1.0
interaction_effs[34],-0.413,1.464,-3.088,2.41,0.018,0.013,6685.0,11551.0,1.0
interaction_effs[35],-0.025,4.981,-9.555,9.041,0.022,0.034,53163.0,20464.0,1.0
samp_rand_effs[0],0.219,0.103,0.028,0.417,0.001,0.0,29910.0,21193.0,1.0
samp_rand_effs[1],-0.079,0.098,-0.26,0.109,0.001,0.001,28707.0,20941.0,1.0
samp_rand_effs[2],-0.021,0.095,-0.197,0.163,0.001,0.001,25576.0,20708.0,1.0
samp_rand_effs[3],-0.092,0.102,-0.282,0.102,0.001,0.001,23839.0,21939.0,1.0
samp_rand_effs[4],0.161,0.105,-0.033,0.364,0.005,0.004,436.0,20806.0,1.01
samp_rand_effs[5],-0.052,0.097,-0.231,0.133,0.001,0.001,29382.0,21060.0,1.0
samp_rand_effs[6],0.108,0.106,-0.087,0.31,0.001,0.001,17834.0,20344.0,1.0
samp_rand_effs[7],-0.304,0.104,-0.505,-0.114,0.001,0.0,29782.0,22082.0,1.0
samp_rand_effs[8],0.029,0.097,-0.157,0.207,0.001,0.001,28574.0,20029.0,1.0
samp_rand_effs[9],-0.146,0.102,-0.341,0.044,0.001,0.0,32029.0,23056.0,1.0
samp_rand_effs[10],0.05,0.108,-0.157,0.251,0.001,0.001,17171.0,22233.0,1.0
samp_rand_effs[11],-0.096,0.108,-0.298,0.11,0.005,0.004,433.0,21392.0,1.01
samp_rand_effs[12],0.068,0.098,-0.117,0.253,0.001,0.001,29135.0,21220.0,1.0
samp_rand_effs[13],-0.086,0.095,-0.266,0.089,0.001,0.0,29819.0,21784.0,1.0
samp_rand_effs[14],0.045,0.12,-0.173,0.28,0.008,0.006,209.0,17301.0,1.02
samp_rand_effs[15],0.203,0.1,0.016,0.396,0.001,0.001,21205.0,21904.0,1.0
samp_rand_effs[16],0.03,0.102,-0.162,0.221,0.001,0.001,28610.0,21810.0,1.0
samp_rand_effs[17],0.051,0.095,-0.128,0.23,0.001,0.001,25450.0,20843.0,1.0
samp_rand_effs[18],-0.129,0.096,-0.311,0.052,0.001,0.0,28378.0,20829.0,1.0
samp_rand_effs[19],-0.135,0.104,-0.334,0.058,0.001,0.001,19904.0,22159.0,1.0
samp_rand_effs[20],-0.124,0.096,-0.306,0.055,0.001,0.0,29881.0,21313.0,1.0
samp_rand_effs[21],-0.031,0.095,-0.211,0.15,0.001,0.001,25930.0,20801.0,1.0
samp_rand_effs[22],-0.095,0.098,-0.278,0.093,0.001,0.0,28266.0,21489.0,1.0
samp_rand_effs[23],0.1,0.096,-0.08,0.281,0.001,0.0,28355.0,21773.0,1.0
samp_rand_effs[24],-0.015,0.102,-0.208,0.176,0.001,0.001,30313.0,22072.0,1.0
samp_rand_effs[25],-0.11,0.098,-0.299,0.073,0.001,0.0,31303.0,22365.0,1.0
samp_rand_effs[26],0.131,0.097,-0.048,0.317,0.001,0.0,29328.0,22373.0,1.0
samp_rand_effs[27],0.014,0.097,-0.173,0.195,0.001,0.001,28508.0,21257.0,1.0
samp_rand_effs[28],0.118,0.104,-0.077,0.313,0.001,0.001,9526.0,20890.0,1.0
samp_rand_effs[29],0.078,0.096,-0.099,0.261,0.001,0.0,29655.0,21666.0,1.0
samp_rand_effs[30],-0.077,0.094,-0.252,0.105,0.001,0.0,29077.0,21335.0,1.0
samp_rand_effs[31],0.046,0.096,-0.128,0.235,0.001,0.001,29624.0,22199.0,1.0
samp_rand_effs[32],0.085,0.102,-0.106,0.278,0.001,0.001,28374.0,18908.0,1.0
samp_rand_effs[33],0.164,0.095,-0.013,0.348,0.001,0.0,29310.0,21606.0,1.0
samp_rand_effs[34],-0.025,0.102,-0.224,0.162,0.001,0.001,30571.0,21735.0,1.0
samp_rand_effs[35],-0.081,0.097,-0.259,0.107,0.001,0.0,28797.0,20787.0,1.0
primer_intercepts[0],19.05,0.12,18.821,19.275,0.002,0.001,4694.0,7232.0,1.0
primer_intercepts[1],13.81,0.122,13.578,14.037,0.002,0.001,4754.0,7350.0,1.0
primer_intercepts[2],18.729,0.12,18.499,18.95,0.002,0.001,4770.0,7264.0,1.0
primer_intercepts[3],18.125,0.118,17.901,18.347,0.002,0.001,4784.0,7357.0,1.0
primer_intercepts[4],14.257,0.119,14.03,14.478,0.002,0.001,4688.0,7273.0,1.0
primer_intercepts[5],13.811,0.118,13.584,14.028,0.002,0.001,4644.0,7295.0,1.0
primer_intercepts[6],13.204,0.118,12.979,13.428,0.002,0.001,4688.0,7324.0,1.0
primer_intercepts[7],13.833,0.121,13.606,14.061,0.002,0.001,4773.0,7135.0,1.0
primer_intercepts[8],13.861,0.12,13.627,14.082,0.002,0.001,4809.0,6868.0,1.0
primer_intercepts[9],13.671,0.118,13.45,13.895,0.002,0.001,4660.0,7051.0,1.0
primer_intercepts[10],14.06,0.12,13.832,14.285,0.002,0.001,4768.0,7226.0,1.0
primer_intercepts[11],17.48,0.128,17.232,17.714,0.002,0.001,5112.0,7970.0,1.0
ct_sigma,0.105,0.009,0.089,0.121,0.0,0.0,13957.0,19461.0,1.0
ct_nu,1.306,0.111,1.103,1.518,0.001,0.0,25594.0,22257.0,1.0
dil_raneff_sigma,0.351,0.055,0.249,0.449,0.0,0.0,23075.0,23532.0,1.0
sample_intercepts[0],10.948,1.465,8.261,13.723,0.019,0.013,6257.0,10225.0,1.01
sample_intercepts[1],6.533,0.15,6.243,6.808,0.002,0.001,6468.0,10138.0,1.0
sample_intercepts[2],6.948,0.15,6.664,7.224,0.002,0.001,6588.0,10534.0,1.0
sample_intercepts[3],10.665,1.464,7.94,13.396,0.018,0.013,6264.0,10481.0,1.01
sample_intercepts[4],7.016,0.149,6.74,7.301,0.002,0.001,6537.0,10622.0,1.0
sample_intercepts[5],10.223,2.056,6.359,14.068,0.026,0.019,6078.0,10111.0,1.0
sample_intercepts[6],8.053,2.055,4.102,11.822,0.026,0.018,6376.0,10852.0,1.0
sample_intercepts[7],9.669,2.057,5.888,13.605,0.026,0.019,6098.0,10146.0,1.0
sample_intercepts[8],11.076,2.056,7.178,14.893,0.026,0.018,6401.0,10784.0,1.0
sample_intercepts[9],6.682,0.149,6.408,6.971,0.002,0.001,6623.0,11012.0,1.0
sample_intercepts[10],6.892,0.149,6.607,7.168,0.002,0.001,6493.0,10584.0,1.0
sample_intercepts[11],6.839,0.149,6.563,7.124,0.002,0.001,6430.0,11244.0,1.0
samp_raneff_sigma,0.155,0.028,0.107,0.209,0.0,0.0,10404.0,18735.0,1.0
